1 70
19 180
 15 60
; 11 60
; 4 69
; 0 60
; 1 68
; 4 60
; 24 161
; 2 60
; 1 60
; 0 60
; 28 60
; 28 60
; 3 60
; 4 60
; 26 265
; 0 60
; 0 60
; 0 60
; 2 60
; 1 77
; 8 88
; 8 60
; 12 60
; 5 60
; 11 60
; 12 60
; 12 60
; 6 60
; 1 60
; 1 60
; 19 60
; 3 72
; 3 71
; 3 60
; 1 60
; 1 82
; 2 60
; 9 60
; 7 60
; 2 67
; 28 169
; 0 67
; 5 67
; 5 67
; 4 60
; 0 66
; 1 66
; 1 67
; 0 65
; 0 66
; 42 4294957
; 59 4294912
; 85 4294908
; 0 4294915
; 3 4294922
; 4 4294918
; 3 71
; 4 78
; 8 134
; 2 13
; 9 2
; 1 9
; 41 65
; 56 81
; 31 61
; 12 72
; 0 68
; 0 9
; 24 52
; 47 40
; 81 126
; 8 51
; 15 36
; 18 158
; 0 9
; 24 69
; 21 100
; 3 16
; 3 8
; 15 135
; 4 10
; 3 64
; 5 14
; 19 42
; 48 88
; 0 14
; 1 25
; 0 11
; 0 16
; 0 10
